 time=[ -1.0000E+00 -9.9970E-01 -9.9934E-01 -9.9891E-01 -9.9839E-01 -9.9777E-01 -9.9702E-01 -9.9613E-01 -9.9506E-01 -9.9378E-01 ...
        -9.9225E-01 -9.9042E-01 -9.8823E-01 -9.8561E-01 -9.8247E-01 -9.7871E-01 -9.7420E-01 -9.6879E-01 -9.6230E-01 -9.5452E-01 ...
        -9.4519E-01 -9.3409E-01 -9.2079E-01 -9.0489E-01 -8.8589E-01 -8.6309E-01 -8.3579E-01 -8.0309E-01 -7.6389E-01 -7.1689E-01 ...
        -6.6049E-01 -5.9289E-01 -5.1179E-01 -4.1449E-01 -2.9849E-01 -1.5949E-01 -7.6590E-02 -2.6890E-02  2.9100E-03  3.7700E-03 ...
         4.8000E-03  5.9900E-03  7.0800E-03  8.1200E-03  9.0850E-03  9.9940E-03  1.0874E-02  1.1749E-02  1.2589E-02  1.3406E-02 ...
         1.4203E-02  1.4986E-02  1.5718E-02  1.6406E-02  1.7125E-02  1.7826E-02  1.8493E-02  1.9142E-02  1.9782E-02  2.0407E-02 ...
         2.1011E-02  2.1597E-02  2.2165E-02  2.2710E-02  2.3234E-02  2.3743E-02  2.4242E-02  2.4731E-02  2.5205E-02  2.5666E-02 ...
         2.6118E-02  2.6561E-02  2.6993E-02  2.7415E-02  2.7826E-02  2.8226E-02  2.8618E-02  2.9003E-02  2.9382E-02  2.9752E-02 ...
         3.0111E-02  3.0461E-02  3.0805E-02  3.1144E-02  3.1479E-02  3.1809E-02  3.2132E-02  3.2449E-02  3.2759E-02  3.3063E-02 ...
         3.3362E-02  3.3656E-02  3.3945E-02  3.4230E-02  3.4510E-02  3.4786E-02  3.5058E-02  3.5326E-02  3.5590E-02  3.5851E-02 ...
         3.6108E-02  3.6362E-02  3.6613E-02  3.6861E-02  3.7106E-02  3.7348E-02  3.7587E-02  3.7823E-02  3.8057E-02  3.8288E-02 ...
         3.8517E-02  3.8744E-02  3.8968E-02  3.9190E-02  3.9409E-02  3.9626E-02  3.9841E-02  4.0053E-02  4.0263E-02  4.0471E-02 ...
         4.0677E-02  4.0881E-02  4.1083E-02  4.1284E-02  4.1483E-02  4.1680E-02  4.1875E-02  4.2069E-02  4.2261E-02  4.2452E-02 ...
         4.2641E-02  4.2829E-02  4.3015E-02  4.3200E-02  4.3383E-02  4.3565E-02  4.3745E-02  4.3924E-02  4.4101E-02  4.4277E-02 ...
         4.4452E-02  4.4625E-02  4.4797E-02  4.4968E-02  4.5137E-02  4.5305E-02  4.5472E-02  4.5638E-02  4.5803E-02  4.5967E-02 ...
         4.6130E-02  4.6292E-02  4.6453E-02  4.6613E-02  4.6772E-02  4.6930E-02  4.7087E-02  4.7243E-02  4.7398E-02  4.7553E-02 ...
         4.7707E-02  4.7860E-02  4.8012E-02  4.8163E-02  4.8314E-02  4.8464E-02  4.8613E-02  4.8761E-02  4.8909E-02  4.9056E-02 ...
         4.9202E-02  4.9348E-02  4.9493E-02  4.9637E-02  4.9780E-02  4.9923E-02  5.0065E-02  5.0206E-02  5.0346E-02  5.0486E-02 ...
         5.0625E-02  5.0764E-02  5.0902E-02  5.1039E-02  5.1176E-02  5.1312E-02  5.1448E-02  5.1583E-02  5.1718E-02  5.1852E-02 ...
         5.1986E-02  5.2120E-02  5.2253E-02  5.2386E-02  5.2518E-02  5.2650E-02  5.2781E-02  5.2912E-02  5.3042E-02  5.3172E-02 ...
         5.3301E-02  5.3430E-02  5.3559E-02  5.3687E-02  5.3815E-02  5.3942E-02  5.4069E-02  5.4195E-02  5.4321E-02  5.4447E-02 ...
         5.4572E-02  5.4697E-02  5.4822E-02  5.4946E-02  5.5070E-02  5.5193E-02  5.5316E-02  5.5439E-02  5.5562E-02  5.5684E-02 ...
         5.5806E-02  5.5928E-02  5.6049E-02  5.6170E-02  5.6291E-02  5.6412E-02  5.6532E-02  5.6652E-02  5.6772E-02  5.6891E-02 ...
         5.7010E-02  5.7129E-02  5.7248E-02  5.7366E-02  5.7484E-02  5.7602E-02  5.7720E-02  5.7837E-02  5.7954E-02  5.8071E-02 ...
         5.8188E-02  5.8305E-02  5.8422E-02  5.8539E-02  5.8655E-02  5.8771E-02  5.8887E-02  5.9003E-02  5.9119E-02  5.9235E-02 ...
         5.9351E-02  5.9467E-02  5.9583E-02  5.9699E-02  5.9815E-02  5.9931E-02  6.0047E-02  6.0163E-02  6.0279E-02  6.0395E-02 ...
         6.0512E-02  6.0629E-02  6.0746E-02  6.0863E-02  6.0980E-02  6.1098E-02  6.1216E-02  6.1334E-02  6.1453E-02  6.1572E-02 ...
         6.1691E-02  6.1811E-02  6.1931E-02  6.2052E-02  6.2173E-02  6.2295E-02  6.2418E-02  6.2541E-02  6.2665E-02  6.2790E-02 ...
         6.2916E-02  6.3043E-02  6.3171E-02  6.3300E-02  6.3430E-02  6.3562E-02  6.3695E-02  6.3830E-02  6.3967E-02  6.4102E-02 ...
         6.4231E-02  6.4355E-02  6.4475E-02  6.4590E-02  6.4701E-02  6.4809E-02  6.4914E-02  6.5016E-02  6.5115E-02  6.5212E-02 ...
         6.5307E-02  6.5399E-02  6.5489E-02  6.5577E-02  6.5663E-02  6.5747E-02  6.5830E-02  6.5911E-02  6.5991E-02  6.6069E-02 ...
         6.6146E-02  6.6222E-02  6.6296E-02  6.6370E-02  6.6442E-02  6.6513E-02  6.6584E-02  6.6653E-02  6.6722E-02  6.6790E-02 ...
         6.6857E-02  6.6923E-02  6.6989E-02  6.7053E-02  6.7118E-02  6.7181E-02  6.7244E-02  6.7307E-02  6.7369E-02  6.7430E-02 ...
         6.7491E-02  6.7551E-02  6.7611E-02  6.7671E-02  6.7730E-02  6.7789E-02  6.7847E-02  6.7905E-02  6.7963E-02  6.8020E-02 ...
         6.8077E-02  6.8134E-02  6.8191E-02  6.8247E-02  6.8303E-02  6.8359E-02  6.8415E-02  6.8470E-02  6.8525E-02  6.8581E-02 ...
         6.8636E-02  6.8691E-02  6.8745E-02  6.8800E-02  6.8855E-02  6.8909E-02  6.8964E-02  6.9018E-02  6.9073E-02  6.9127E-02 ...
         6.9182E-02  6.9236E-02  6.9290E-02  6.9345E-02  6.9399E-02  6.9454E-02  6.9508E-02  6.9563E-02  6.9618E-02  6.9673E-02 ...
         6.9728E-02  6.9783E-02  6.9838E-02  6.9894E-02  6.9949E-02  7.0005E-02  7.0061E-02  7.0117E-02  7.0174E-02  7.0230E-02 ...
         7.0287E-02  7.0345E-02  7.0402E-02  7.0460E-02  7.0518E-02  7.0577E-02  7.0636E-02  7.0695E-02  7.0755E-02  7.0815E-02 ...
         7.0876E-02  7.0937E-02  7.0998E-02  7.1060E-02  7.1123E-02  7.1186E-02  7.1250E-02  7.1315E-02  7.1380E-02  7.1446E-02 ...
         7.1513E-02  7.1580E-02  7.1648E-02  7.1717E-02  7.1787E-02  7.1858E-02  7.1930E-02  7.2003E-02  7.2077E-02  7.2152E-02 ...
         7.2228E-02  7.2306E-02  7.2384E-02  7.2465E-02  7.2546E-02  7.2629E-02  7.2714E-02  7.2801E-02  7.2889E-02  7.2979E-02 ...
         7.3072E-02  7.3166E-02  7.3263E-02  7.3362E-02  7.3463E-02  7.3567E-02  7.3674E-02  7.3784E-02  7.3898E-02  7.4016E-02 ...
         7.4138E-02  7.4264E-02  7.4395E-02  7.4531E-02  7.4672E-02  7.4820E-02  7.4975E-02  7.5137E-02  7.5305E-02  7.5471E-02 ...
         7.5636E-02  7.5800E-02  7.5963E-02  7.6125E-02  7.6286E-02  7.6446E-02  7.6606E-02  7.6765E-02  7.6924E-02  7.7082E-02 ...
         7.7240E-02  7.7398E-02  7.7556E-02  7.7714E-02  7.7872E-02  7.8029E-02  7.8186E-02  7.8344E-02  7.8502E-02  7.8660E-02 ...
         7.8818E-02  7.8976E-02  7.9134E-02  7.9293E-02  7.9452E-02  7.9612E-02  7.9772E-02  7.9933E-02  8.0094E-02  8.0256E-02 ...
         8.0418E-02  8.0581E-02  8.0745E-02  8.0909E-02  8.1074E-02  8.1240E-02  8.1407E-02  8.1575E-02  8.1744E-02  8.1914E-02 ...
         8.2085E-02  8.2257E-02  8.2430E-02  8.2604E-02  8.2780E-02  8.2957E-02  8.3136E-02  8.3316E-02  8.3498E-02  8.3682E-02 ...
         8.3868E-02  8.4056E-02  8.4246E-02  8.4438E-02  8.4632E-02  8.4829E-02  8.5028E-02  8.5230E-02  8.5435E-02  8.5643E-02 ...
         8.5855E-02  8.6070E-02  8.6289E-02  8.6512E-02  8.6740E-02  8.6973E-02  8.7211E-02  8.7455E-02  8.7705E-02  8.7962E-02 ...
         8.8226E-02  8.8499E-02  8.8781E-02  8.9073E-02  8.9376E-02  8.9692E-02  9.0022E-02  9.0368E-02  9.0733E-02  9.1120E-02 ...
         9.1532E-02  9.1975E-02  9.2455E-02  9.2981E-02  9.3566E-02  9.4233E-02  9.5016E-02  9.5955E-02  9.7075E-02  9.8415E-02 ...
         1.0002E-01  1.0194E-01  1.0424E-01  1.0700E-01  1.0827E-01  1.0979E-01  1.1161E-01  1.1362E-01  1.1591E-01  1.1865E-01 ...
         1.2193E-01  1.2586E-01  1.3057E-01  1.3622E-01  1.4300E-01  1.5113E-01  1.6088E-01  1.7258E-01  1.8658E-01  2.0338E-01 ...
         2.1338E-01  2.1938E-01  2.2298E-01  2.2405E-01  2.2533E-01  2.2603E-01  2.2687E-01  2.2787E-01  2.2892E-01  2.2991E-01 ...
         2.3086E-01  2.3178E-01  2.3268E-01  2.3358E-01  2.3447E-01  2.3537E-01  2.3628E-01  2.3720E-01  2.3815E-01  2.3912E-01 ...
         2.4012E-01  2.4115E-01  2.4222E-01  2.4334E-01  2.4451E-01  2.4574E-01  2.4703E-01  2.4839E-01  2.4982E-01  2.5133E-01 ...
         2.5292E-01  2.5459E-01  2.5635E-01  2.5819E-01  2.6013E-01  2.6216E-01  2.6428E-01  2.6649E-01  2.6880E-01  2.7121E-01 ...
         2.7371E-01  2.7631E-01  2.7900E-01  2.8176E-01  2.8460E-01  2.8756E-01  2.9064E-01  2.9385E-01  2.9720E-01 ]
