 burnup=[  0.0000E+00  9.3750E+00  1.8750E+01  3.7500E+01  7.5000E+01  1.5000E+02  2.3750E+02  3.2500E+02  4.1250E+02  5.0000E+02 ...
         6.2500E+02  7.5000E+02  1.0000E+03  1.2500E+03  1.5000E+03  1.7500E+03  2.0000E+03  2.5000E+03  3.0000E+03  3.5000E+03 ...
         4.0000E+03  4.5000E+03  5.0000E+03  5.5000E+03  6.0000E+03  6.5000E+03  7.0000E+03  7.5000E+03  8.0000E+03  8.5000E+03 ...
         9.0000E+03  9.5000E+03  1.0000E+04  1.0500E+04  1.1000E+04  1.1500E+04  1.2000E+04  1.2500E+04  1.3000E+04  1.3500E+04 ...
         1.4000E+04  1.4500E+04  1.5000E+04  1.5500E+04  1.6000E+04  1.6500E+04  1.7000E+04  1.7500E+04  1.8000E+04  1.8500E+04 ...
         1.9000E+04  1.9500E+04  2.0000E+04  2.2000E+04  2.4000E+04  2.6000E+04  2.8000E+04  3.0000E+04  3.2000E+04  3.4000E+04 ...
         3.6000E+04  3.8000E+04  4.0000E+04  5.0000E+04  6.0000E+04  7.0000E+04  8.0000E+04 ]
 keff=[  1.3554E+00  1.3428E+00  1.3295E+00  1.3162E+00  1.3101E+00  1.3072E+00  1.3046E+00  1.3023E+00  1.3004E+00  1.2988E+00 ...
          1.2968E+00  1.2952E+00  1.2923E+00  1.2897E+00  1.2871E+00  1.2844E+00  1.2817E+00  1.2761E+00  1.2704E+00  1.2645E+00 ...
          1.2585E+00  1.2526E+00  1.2466E+00  1.2407E+00  1.2348E+00  1.2289E+00  1.2230E+00  1.2173E+00  1.2114E+00  1.2057E+00 ...
          1.2001E+00  1.1945E+00  1.1889E+00  1.1835E+00  1.1781E+00  1.1727E+00  1.1673E+00  1.1620E+00  1.1568E+00  1.1516E+00 ...
          1.1464E+00  1.1413E+00  1.1363E+00  1.1312E+00  1.1263E+00  1.1213E+00  1.1163E+00  1.1114E+00  1.1066E+00  1.1017E+00 ...
          1.0969E+00  1.0921E+00  1.0873E+00  1.0678E+00  1.0488E+00  1.0306E+00  1.0126E+00  9.9489E-01  9.7748E-01  9.6044E-01 ...
          9.4339E-01  9.2723E-01  6.8397E-01  6.8460E-01  9.5213E-01  9.0051E-01  8.6019E-01 ]
